978.128	-28.09
978.132	-28.541
978.136	-29.068
978.14	-29.782
978.144	-30.509
978.148	-31.076
978.152	-32.102
978.156	-32.988
978.16	-33.689
978.164	-34.872
978.168	-35.86
978.172	-36.539
978.176	-37.57
978.18	-38.357
978.184	-38.766
978.188	-39.219
978.192	-39.376
978.196	-39.386
978.2	-39.09
978.204	-38.577
978.208	-38.079
978.212	-37.08
978.216	-35.991
978.22	-35.117
978.224	-33.663
978.228	-32.443
978.232	-31.537
978.236	-30.183
978.24	-29.179
978.244	-28.538
978.248	-27.644
978.252	-27.008
978.256	-26.694
978.26	-26.291
978.264	-26.043
978.268	-26.02
978.272	-26.023
978.276	-26.135
978.28	-26.278
978.284	-26.607
978.288	-26.977
978.292	-27.275
978.296	-27.876
978.3	-28.51
978.304	-28.954
978.308	-29.807
978.312	-30.613
978.316	-31.2
978.32	-32.266
978.324	-33.278
978.328	-33.956
978.332	-35.094
978.336	-36.046
978.34	-36.719
978.344	-37.624
978.348	-38.284
978.352	-38.597
978.356	-38.874
978.36	-38.893
978.364	-38.728
978.368	-38.227
978.372	-37.602
978.376	-36.982
978.38	-35.777
978.384	-34.588
978.388	-33.723
978.392	-32.23
978.396	-31.003
978.4	-30.224
978.404	-29.044
978.408	-28.151
978.412	-27.669
978.416	-26.893
978.42	-26.422
978.424	-26.101
978.428	-25.799
978.432	-25.652
978.436	-25.693
978.44	-25.764
978.444	-25.959
978.448	-26.07
978.452	-26.462
978.456	-26.936
978.46	-27.245
978.464	-27.907
978.468	-28.645
978.472	-29.102
978.476	-30.026
978.48	-30.867
978.484	-31.465
978.488	-32.594
978.492	-33.619
978.496	-34.367
978.5	-35.5
978.504	-36.412
978.508	-36.982
978.512	-37.711
978.516	-38.147
978.52	-38.325
978.524	-38.345
978.528	-38.191
978.532	-37.867
978.536	-37.085
978.54	-36.287
978.544	-35.546
978.548	-34.206
978.552	-32.969
978.556	-31.684
978.56	-30.538
978.564	-29.708
978.568	-28.485
978.572	-27.515
978.576	-26.971
978.58	-26.216
978.584	-25.658
978.588	-25.386
978.592	-25.02
978.596	-24.869
978.6	-24.842
978.604	-24.837
978.608	-24.97
978.612	-25.141
978.616	-25.485
978.62	-25.839
978.624	-26.134
978.628	-26.702
978.632	-27.311
978.636	-27.75
978.64	-28.601
978.644	-29.414
978.648	-30.025
978.652	-31.117
978.656	-32.153
978.66	-32.886
978.664	-34.06
978.668	-35.115
978.672	-35.716
978.676	-36.602
978.68	-37.24
978.684	-37.521
978.688	-37.675
978.692	-37.63
978.696	-37.436
978.7	-36.854
978.704	-36.14
978.708	-35.486
978.712	-34.191
978.716	-33.042
978.72	-32.069
978.724	-30.592
978.728	-29.363
978.732	-28.637
978.736	-27.558
978.74	-26.769
978.744	-26.17
978.748	-25.439
978.752	-24.944
978.756	-24.677
978.76	-24.411
978.764	-24.324
978.768	-24.278
978.772	-24.361
978.776	-24.525
978.78	-24.691
978.784	-25.031
978.788	-25.415
978.792	-25.718
978.796	-26.387
978.8	-27.042
978.804	-27.472
978.808	-28.323
978.812	-29.194
978.816	-29.857
978.82	-30.996
978.824	-32.085
978.828	-32.852
978.832	-33.958
978.836	-34.925
978.84	-35.525
978.844	-36.405
978.848	-36.914
978.852	-37.136
978.856	-37.238
978.86	-37.112
978.864	-36.82
978.868	-36.144
978.872	-35.327
978.876	-34.583
978.88	-33.265
978.884	-32.124
978.888	-31.138
978.892	-29.713
978.896	-28.63
978.9	-27.891
978.904	-26.821
978.908	-25.974
978.912	-25.508
978.916	-24.826
978.92	-24.349
978.924	-24.144
978.928	-23.935
978.932	-23.846
978.936	-23.841
978.94	-23.918
978.944	-24.065
978.948	-24.24
978.952	-24.635
978.956	-25.018
978.96	-25.322
978.964	-25.945
978.968	-26.504
978.972	-27.036
978.976	-27.897
978.98	-28.796
978.984	-29.507
978.988	-30.591
978.992	-31.708
978.996	-32.456
979	-33.527
979.004	-34.468
979.008	-35.065
979.012	-35.858
979.016	-36.351
979.02	-36.491
979.024	-36.531
979.028	-36.322
979.032	-36
979.036	-35.255
979.04	-34.433
979.044	-33.729
979.048	-32.41
979.052	-31.266
979.056	-29.971
979.06	-28.716
979.064	-27.978
979.068	-26.797
979.072	-25.801
979.076	-25.28
979.08	-24.511
979.084	-23.921
979.088	-23.621
979.092	-23.229
979.096	-22.965
979.1	-22.893
979.104	-22.901
979.108	-22.902
979.112	-23.003
979.116	-23.202
979.12	-23.457
979.124	-23.739
979.128	-24.183
979.132	-24.706
979.136	-25.149
979.14	-25.959
979.144	-26.831
979.148	-27.325
979.152	-28.295
979.156	-29.298
979.16	-30.043
979.164	-31.297
979.168	-32.372
979.172	-33.063
979.176	-34.032
979.18	-34.76
979.184	-35.121
979.188	-35.43
979.192	-35.518
979.196	-35.383
979.2	-34.91
979.204	-34.302
979.208	-33.698
979.212	-32.528
979.216	-31.365
979.22	-30.435
979.224	-28.994
979.228	-27.836
979.232	-27.02
979.236	-25.782
979.24	-24.825
979.244	-24.232
979.248	-23.364
979.252	-22.726
979.256	-22.438
979.26	-22.06
979.264	-21.797
979.268	-21.726
979.272	-21.637
979.276	-21.636
979.28	-21.717
979.284	-21.946
979.288	-22.167
979.292	-22.4
979.296	-22.84
979.3	-23.374
979.304	-23.869
979.308	-24.593
979.312	-25.404
979.316	-26.128
979.32	-27.336
979.324	-28.324
979.328	-29.012
979.332	-30.334
979.336	-31.405
979.34	-32.09
979.344	-33.029
979.348	-33.724
979.352	-34.035
979.356	-34.303
979.36	-34.236
979.364	-34.075
979.368	-33.462
979.372	-32.78
979.376	-32.127
979.38	-30.869
979.384	-29.702
979.388	-28.856
979.392	-27.351
979.396	-26.106
979.4	-25.295
979.404	-24.144
979.408	-23.245
979.412	-22.542
979.416	-21.821
979.42	-21.26
979.424	-21.016
979.428	-20.667
979.432	-20.536
979.436	-20.416
979.44	-20.385
979.444	-20.474
979.448	-20.536
979.452	-20.773
979.456	-21.078
979.46	-21.305
979.464	-21.843
979.468	-22.444
979.472	-22.9
979.476	-23.709
979.48	-24.628
979.484	-25.346
979.488	-26.585
979.492	-27.689
979.496	-28.48
979.5	-29.635
979.504	-30.792
979.508	-31.477
979.512	-32.419
979.516	-32.973
979.52	-33.162
979.524	-33.293
979.528	-33.114
979.532	-32.799
979.536	-32.05
979.54	-31.21
979.544	-30.407
979.548	-29.055
979.552	-27.903
979.556	-26.629
979.56	-25.447
979.564	-24.673
979.568	-23.453
979.572	-22.464
979.576	-21.92
979.58	-21.166
979.584	-20.594
979.588	-20.32
979.592	-19.911
979.596	-19.721
979.6	-19.594
979.604	-19.512
979.608	-19.54
979.612	-19.623
979.616	-19.821
979.62	-19.999
979.624	-20.254
979.628	-20.723
979.632	-21.236
979.636	-21.716
979.64	-22.556
979.644	-23.411
979.648	-24.065
979.652	-25.312
979.656	-26.439
979.66	-27.279
979.664	-28.453
979.668	-29.581
979.672	-30.268
979.676	-31.276
979.68	-31.974
979.684	-32.299
979.688	-32.578
979.692	-32.601
979.696	-32.356
979.7	-31.791
979.704	-31.07
979.708	-30.328
979.712	-29.086
979.716	-27.862
979.72	-27.013
979.724	-25.659
979.728	-24.476
979.732	-23.707
979.736	-22.544
979.74	-21.725
979.744	-21.105
979.748	-20.394
979.752	-19.857
979.756	-19.598
979.76	-19.257
979.764	-19.019
979.768	-18.972
979.772	-18.865
979.776	-18.915
979.78	-19.01
979.784	-19.181
979.788	-19.472
979.792	-19.688
979.796	-20.226
979.8	-20.769
979.804	-21.216
979.808	-22.153
979.812	-22.968
979.816	-23.706
979.82	-25.021
979.824	-26.314
979.828	-27.241
979.832	-28.353
979.836	-29.471
979.84	-30.164
979.844	-31.082
979.848	-31.718
979.852	-32.03
979.856	-32.154
979.86	-32.06
979.864	-31.742
979.868	-31.068
979.872	-30.25
979.876	-29.505
979.88	-28.171
979.884	-26.969
979.888	-26.178
979.892	-24.834
979.896	-23.749
979.9	-22.92
979.904	-21.875
979.908	-21.199
979.912	-20.662
979.916	-19.96
979.92	-19.442
979.924	-19.18
979.928	-18.85
979.932	-18.723
979.936	-18.638
979.94	-18.622
979.944	-18.691
979.948	-18.753
979.952	-18.983
979.956	-19.269
979.96	-19.538
979.964	-20.071
979.968	-20.676
979.972	-21.224
979.976	-22.172
979.98	-23.169
979.984	-23.828
979.988	-25.137
979.992	-26.303
979.996	-27.294
980	-28.507
980.004	-29.534
980.008	-30.065
980.012	-30.978
980.016	-31.512
980.02	-31.741
980.024	-31.73
980.028	-31.529
980.032	-30.935
980.036	-30.225
980.04	-29.506
980.044	-28.328
980.048	-27.097
980.052	-26.257
980.056	-24.855
980.06	-23.695
980.064	-22.926
980.068	-21.757
980.072	-20.993
980.076	-20.42
980.08	-19.69
980.084	-19.178
980.088	-18.847
980.092	-18.47
980.096	-18.254
980.1	-18.156
980.104	-18.025
980.108	-17.981
980.112	-18.102
980.116	-18.226
980.12	-18.428
980.124	-18.646
980.128	-19.14
980.132	-19.613
980.136	-20.064
980.14	-20.932
980.144	-21.898
980.148	-22.538
980.152	-23.732
980.156	-24.901
980.16	-25.71
980.164	-27.095
980.168	-28.277
980.172	-28.906
980.176	-29.852
980.18	-30.523
980.184	-30.83
980.188	-31.087
980.192	-31.045
980.196	-30.815
980.2	-30.226
980.204	-29.446
980.208	-28.793
980.212	-27.628
980.216	-26.53
980.22	-25.437
980.224	-24.168
980.228	-23.326
980.232	-21.984
980.236	-21.06
980.24	-20.466
980.244	-19.607
980.248	-18.92
980.252	-18.57
980.256	-18.074
980.26	-17.725
980.264	-17.56
980.268	-17.342
980.272	-17.263
980.276	-17.158
980.28	-17.193
980.284	-17.268
980.288	-17.421
980.292	-17.698
980.296	-18.024
980.3	-18.484
980.304	-19.159
980.308	-19.976
980.312	-20.607
980.316	-21.746
980.32	-22.781
980.324	-23.58
980.328	-24.845
980.332	-26.051
980.336	-26.849
980.34	-28.156
980.344	-28.986
980.348	-29.426
980.352	-30.093
980.356	-30.396
980.36	-30.417
980.364	-30.159
980.368	-29.656
980.372	-29.144
980.376	-28.189
980.38	-27.18
980.384	-26.393
980.388	-25.031
980.392	-23.985
980.396	-23.135
980.4	-21.759
980.404	-20.811
980.408	-20.252
980.412	-19.311
980.416	-18.585
980.42	-18.062
980.424	-17.583
980.428	-17.391
980.432	-17.025
980.436	-16.834
980.44	-16.68
980.444	-16.594
980.448	-16.618
980.452	-16.678
980.456	-16.817
980.46	-17.032
980.464	-17.334
980.468	-17.884
980.472	-18.461
980.476	-19.102
980.48	-20.11
980.484	-21.095
980.488	-21.892
980.492	-23.168
980.496	-24.423
980.5	-25.256
980.504	-26.541
980.508	-27.727
980.512	-28.333
980.516	-29.163
980.52	-29.679
980.524	-29.812
980.528	-29.878
980.532	-29.617
980.536	-29.285
980.54	-28.367
980.544	-27.336
980.548	-26.661
980.552	-25.382
980.556	-24.238
980.56	-23.351
980.564	-21.965
980.568	-21.071
980.572	-20.354
980.576	-19.36
980.58	-18.629
980.584	-18.133
980.588	-17.483
980.592	-17.042
980.596	-16.709
980.6	-16.448
980.604	-16.224
980.608	-16.146
980.612	-16.067
980.616	-16.029
980.62	-16.178
980.624	-16.42
980.628	-16.614
980.632	-17.062
980.636	-17.763
980.64	-18.202
980.644	-19.115
980.648	-20.042
980.652	-20.779
980.656	-22.045
980.66	-23.279
980.664	-24.201
980.668	-25.564
980.672	-26.769
980.676	-27.489
980.68	-28.335
980.684	-28.865
980.688	-29.111
980.692	-29.133
980.696	-28.977
980.7	-28.621
980.704	-27.784
980.708	-26.948
980.712	-26.201
980.716	-24.934
980.72	-23.928
980.724	-22.998
980.728	-21.611
980.732	-20.689
980.736	-19.931
980.74	-18.849
980.744	-18.061
980.748	-17.552
980.752	-16.783
980.756	-16.216
980.76	-15.982
980.764	-15.572
980.768	-15.23
980.772	-15.173
980.776	-14.99
980.78	-14.944
980.784	-14.939
980.788	-15.069
980.792	-15.257
980.796	-15.557
980.8	-16.133
980.804	-16.788
980.808	-17.256
980.812	-18.277
980.816	-19.299
980.82	-20.332
980.824	-21.576
980.828	-22.547
980.832	-23.963
980.836	-25.125
980.84	-25.827
980.844	-27.071
980.848	-27.833
980.852	-28.222
980.856	-28.684
980.86	-28.807
980.864	-28.658
980.868	-28.223
980.872	-27.628
980.876	-26.995
980.88	-25.828
980.884	-24.825
980.888	-24.019
980.892	-22.524
980.896	-21.445
980.9	-20.795
980.904	-19.641
980.908	-18.76
980.912	-18.179
980.916	-17.42
980.92	-16.809
980.924	-16.476
980.928	-16.009
980.932	-15.602
980.936	-15.447
980.94	-15.175
980.944	-15.028
980.948	-15.002
980.952	-15.086
980.956	-15.221
980.96	-15.413
980.964	-15.869
980.968	-16.35
980.972	-16.909
980.976	-17.759
980.98	-18.825
980.984	-19.576
980.988	-20.839
980.992	-22.031
980.996	-22.857
981	-24.175
981.004	-25.25
981.008	-25.914
981.012	-26.927
981.016	-27.471
981.02	-27.655
981.024	-27.741
981.028	-27.624
981.032	-27.158
981.036	-26.555
981.04	-25.982
981.044	-24.822
981.048	-23.896
981.052	-22.932
981.056	-21.61
981.06	-20.51
981.064	-19.806
981.068	-18.639
981.072	-17.65
981.076	-16.992
981.08	-16.147
981.084	-15.421
981.088	-14.948
981.092	-14.278
981.096	-13.807
981.1	-13.549
981.104	-13.123
981.108	-12.98
981.112	-12.911
981.116	-12.794
981.12	-12.743
981.124	-12.872
981.128	-13.169
981.132	-13.551
981.136	-13.923
981.14	-14.642
981.144	-15.551
981.148	-16.269
981.152	-17.575
981.156	-18.707
981.16	-19.494
981.164	-20.81
981.168	-22.008
981.172	-22.768
981.176	-23.943
981.18	-24.766
981.184	-25.186
981.188	-25.576
981.192	-25.653
981.196	-25.521
981.2	-24.974
981.204	-24.402
981.208	-23.826
981.212	-22.72
981.216	-21.652
981.22	-20.502
981.224	-19.405
981.228	-18.572
981.232	-17.378
981.236	-16.377
981.24	-15.692
981.244	-14.712
981.248	-13.966
981.252	-13.403
981.256	-12.74
981.26	-12.177
981.264	-11.847
981.268	-11.418
981.272	-11.181
981.276	-10.873
981.28	-10.692
981.284	-10.614
981.288	-10.596
981.292	-10.639
981.296	-10.955
981.3	-11.158
981.304	-11.834
981.308	-12.623
981.312	-13.244
981.316	-14.451
981.32	-15.711
981.324	-16.546
981.328	-17.959
981.332	-19.084
981.336	-20.041
981.34	-21.371
981.344	-22.428
981.348	-23.125
981.352	-23.995
981.356	-24.495
981.36	-24.602
981.364	-24.587
981.368	-24.275
981.372	-23.937
981.376	-23.094
981.38	-22.3
981.384	-21.555
981.388	-20.263
981.392	-19.178
981.396	-18.406
981.4	-17.172
981.404	-16.133
981.408	-15.494
981.412	-14.551
981.416	-13.833
981.42	-13.009
981.424	-12.456
981.428	-12.172
981.432	-11.69
981.436	-11.296
981.44	-11.117
981.444	-10.782
981.448	-10.573
981.452	-10.618
981.456	-10.561
981.46	-10.68
981.464	-10.749
981.468	-11.299
981.472	-11.866
981.476	-12.476
981.48	-13.456
981.484	-14.461
981.488	-15.288
981.492	-16.729
981.496	-17.927
981.5	-18.826
981.504	-20.056
981.508	-21.309
981.512	-22.053
981.516	-23.03
981.52	-23.662
981.524	-23.922
981.528	-24.058
981.532	-23.927
981.536	-23.589
981.54	-22.943
981.544	-22.198
981.548	-21.599
981.552	-20.448
981.556	-19.411
981.56	-18.68
981.564	-17.452
981.568	-16.37
981.572	-15.67
981.576	-14.561
981.58	-13.66
981.584	-13.025
981.588	-12.233
981.592	-11.677
981.596	-11.336
981.6	-10.705
981.604	-10.259
981.608	-10
981.612	-9.652
981.616	-9.474
981.62	-9.285
981.624	-9.265
981.628	-9.274
981.632	-9.481
981.636	-9.787
981.64	-10.142
981.644	-10.941
981.648	-11.884
981.652	-12.46
981.656	-13.786
981.66	-15.063
981.664	-15.936
981.668	-17.435
981.672	-18.568
981.676	-19.509
981.68	-20.866
981.684	-21.947
981.688	-22.61
981.692	-23.365
981.696	-23.748
981.7	-23.913
981.704	-23.779
981.708	-23.464
981.712	-23.031
981.716	-22.196
981.72	-21.346
981.724	-20.529
981.728	-19.417
981.732	-18.316
981.736	-17.543
981.74	-16.446
981.744	-15.521
981.748	-14.872
981.752	-13.838
981.756	-13.104
981.76	-12.707
981.764	-11.949
981.768	-11.491
981.772	-11.181
981.776	-10.706
981.78	-10.401
981.784	-10.191
981.788	-10.026
981.792	-9.996
981.796	-10.065
981.8	-10.287
981.804	-10.616
981.808	-11.072
981.812	-11.862
981.816	-12.83
981.82	-13.78
981.824	-15.055
981.828	-15.925
981.832	-17.512
981.836	-18.813
981.84	-19.6
981.844	-20.99
981.848	-22.251
981.852	-22.846
981.856	-23.721
981.86	-24.156
981.864	-24.348
981.868	-24.299
981.872	-24.041
981.876	-23.638
981.88	-22.835
981.884	-21.938
981.888	-21.198
981.892	-19.932
981.896	-18.934
981.9	-18.16
981.904	-16.958
981.908	-15.962
981.912	-15.352
981.916	-14.365
981.92	-13.427
981.924	-12.933
981.928	-12.203
981.932	-11.741
981.936	-11.391
981.94	-10.949
981.944	-10.598
981.948	-10.422
981.952	-10.236
981.956	-10.181
981.96	-10.134
981.964	-10.377
981.968	-10.657
981.972	-11.058
981.976	-11.762
981.98	-12.627
981.984	-13.286
981.988	-14.48
981.992	-15.683
981.996	-16.617
982	-18.185
982.004	-19.41
982.008	-20.314
982.012	-21.66
982.016	-22.784
982.02	-23.562
982.024	-24.236
982.028	-24.519
982.032	-24.65
982.036	-24.492
982.04	-24.212
982.044	-23.633
982.048	-22.862
982.052	-22.219
982.056	-21.084
982.06	-20.031
982.064	-19.177
982.068	-18.036
982.072	-16.978
982.076	-16.268
982.08	-15.305
982.084	-14.468
982.088	-13.866
982.092	-13.135
982.096	-12.462
982.1	-12.084
982.104	-11.527
982.108	-11.084
982.112	-10.891
982.116	-10.586
982.12	-10.536
982.124	-10.446
982.128	-10.541
982.132	-10.751
982.136	-10.955
982.14	-11.609
982.144	-12.358
982.148	-12.868
982.152	-14.054
982.156	-15.351
982.16	-16.111
982.164	-17.527
982.168	-18.804
982.172	-19.591
982.176	-20.972
982.18	-22.167
982.184	-22.906
982.188	-23.739
982.192	-24.297
982.196	-24.549
982.2	-24.62
982.204	-24.491
982.208	-24.174
982.212	-23.512
982.216	-22.661
982.22	-21.771
982.224	-20.795
982.228	-20.03
982.232	-18.793
982.236	-17.711
982.24	-16.928
982.244	-15.761
982.248	-14.848
982.252	-14.219
982.256	-13.266
982.26	-12.445
982.264	-12.067
982.268	-11.531
982.272	-11.022
982.276	-10.703
982.28	-10.422
982.284	-10.185
982.288	-10.112
982.292	-10.025
982.296	-10.158
982.3	-10.317
982.304	-10.718
982.308	-11.331
982.312	-11.844
982.316	-12.77
982.32	-13.785
982.324	-14.635
982.328	-15.938
982.332	-17.371
982.336	-18.223
982.34	-19.603
982.344	-20.846
982.348	-21.609
982.352	-22.671
982.356	-23.366
982.36	-23.726
982.364	-24.005
982.368	-23.975
982.372	-23.835
982.376	-23.343
982.38	-22.695
982.384	-22.184
982.388	-21.094
982.392	-20.14
982.396	-19.337
982.4	-18.128
982.404	-17.049
982.408	-16.358
982.412	-15.117
982.416	-14.099
982.42	-13.177
982.424	-12.306
982.428	-11.786
982.432	-11.043
982.436	-10.423
982.44	-10.08
982.444	-9.608
982.448	-9.345
982.452	-9.23
982.456	-9.018
982.46	-9.162
982.464	-9.141
982.468	-9.435
982.472	-9.819
982.476	-10.309
982.48	-11.099
982.484	-11.956
982.488	-12.644
982.492	-13.923
982.496	-15.031
982.5	-16.019
982.504	-17.586
982.508	-18.818
982.512	-19.561
982.516	-20.828
982.52	-21.811
982.524	-22.347
982.528	-22.968
982.532	-23.285
982.536	-23.372
982.54	-23.133
982.544	-22.77
982.548	-22.283
982.552	-21.408
982.556	-20.527
982.56	-19.729
982.564	-18.554
982.568	-17.449
982.572	-16.66
982.576	-15.515
982.58	-14.516
982.584	-13.791
982.588	-12.639
982.592	-11.881
982.596	-11.43
982.6	-10.633
982.604	-10.077
982.608	-9.66
982.612	-9.199
982.616	-8.923
982.62	-8.701
982.624	-8.531
982.628	-8.644
982.632	-8.719
982.636	-9.057
982.64	-9.324
982.644	-9.878
982.648	-10.473
982.652	-11.166
982.656	-12.193
982.66	-13.352
982.664	-14.164
982.668	-15.531
982.672	-16.958
982.676	-17.854
982.68	-18.987
982.684	-20.061
982.688	-20.693
982.692	-21.448
982.696	-21.877
982.7	-21.975
982.704	-22.021
982.708	-21.792
982.712	-21.489
982.716	-20.834
982.72	-20.038
982.724	-19.454
982.728	-18.326
982.732	-17.271
982.736	-16.472
982.74	-15.147
982.744	-14.171
982.748	-13.266
982.752	-11.953
982.756	-11.176
982.76	-10.563
982.764	-9.605
982.768	-8.877
982.772	-8.482
982.776	-7.8
982.78	-7.31
982.784	-6.997
982.788	-6.748
982.792	-6.606
982.796	-6.44
982.8	-6.524
982.804	-6.748
982.808	-6.952
982.812	-7.479
982.816	-8.145
982.82	-8.851
982.824	-9.675
982.828	-10.417
982.832	-11.711
982.836	-12.925
982.84	-13.854
982.844	-15.31
982.848	-16.691
982.852	-17.577
982.856	-18.744
982.86	-19.62
982.864	-20.129
982.868	-20.671
982.872	-20.971
982.876	-21.05
982.88	-20.858
982.884	-20.548
982.888	-20.188
982.892	-19.328
982.896	-18.442
982.9	-17.783
982.904	-16.562
982.908	-15.479
982.912	-14.744
982.916	-13.533
982.92	-12.254
982.924	-11.581
982.928	-10.635
982.932	-9.811
982.936	-9.265
982.94	-8.409
982.944	-7.805
982.948	-7.396
982.952	-6.98
982.956	-6.659
982.96	-6.449
982.964	-6.286
982.968	-6.379
982.972	-6.46
982.976	-6.798
982.98	-7.171
982.984	-7.621
982.988	-8.456
982.992	-9.338
982.996	-9.986
983	-11.328
983.004	-12.555
983.008	-13.861
983.012	-15.191
983.016	-16.15
983.02	-17.549
983.024	-18.56
983.028	-19.138
983.032	-19.946
983.036	-20.452
983.04	-20.645
983.044	-20.694
983.048	-20.477
983.052	-20.134
983.056	-19.384
983.06	-18.601
983.064	-18.025
983.068	-16.754
983.072	-15.642
983.076	-14.788
983.08	-13.44
983.084	-12.207
983.088	-11.476
983.092	-10.447
983.096	-9.579
983.1	-8.877
983.104	-8.044
983.108	-7.404
983.112	-6.984
983.116	-6.424
983.12	-6.149
983.124	-5.897
983.128	-5.7
983.132	-5.703
983.136	-5.805
983.14	-6.08
983.144	-6.368
983.148	-6.927
983.152	-7.687
983.156	-8.304
983.16	-9.42
983.164	-10.63
983.168	-11.496
983.172	-12.959
983.176	-14.194
983.18	-15.185
983.184	-16.69
983.188	-17.986
983.192	-18.706
983.196	-19.587
983.2	-20.284
983.204	-20.558
983.208	-20.81
983.212	-20.802
983.216	-20.634
983.22	-20.121
983.224	-19.397
983.228	-18.768
983.232	-17.681
983.236	-16.715
983.24	-15.969
983.244	-14.711
983.248	-13.677
983.252	-12.84
983.256	-11.738
983.26	-10.823
983.264	-9.832
983.268	-9.095
983.272	-8.543
983.276	-7.906
983.28	-7.389
983.284	-7.146
983.288	-6.721
983.292	-6.592
983.296	-6.541
983.3	-6.552
983.304	-6.697
983.308	-6.973
983.312	-7.451
983.316	-8.036
983.32	-8.653
983.324	-9.695
983.328	-10.721
983.332	-11.554
983.336	-12.863
983.34	-14.224
983.344	-15.233
983.348	-16.748
983.352	-18.209
983.356	-18.898
983.36	-19.911
983.364	-20.816
983.368	-21.275
983.372	-21.73
983.376	-21.91
983.38	-21.925
983.384	-21.649
983.388	-21.175
983.392	-20.444
983.396	-19.59
983.4	-18.924
983.404	-17.796
983.408	-16.753
983.412	-15.998
983.416	-14.759
983.42	-13.757
983.424	-12.989
983.428	-11.912
983.432	-11.178
983.436	-10.654
983.44	-9.847
983.444	-9.225
983.448	-8.894
983.452	-8.424
983.456	-8.174
983.46	-8.025
983.464	-7.961
983.468	-8.079
983.472	-8.141
983.476	-8.544
983.48	-9.095
983.484	-9.459
983.488	-10.323
983.492	-11.221
983.496	-12.003
983.5	-13.269
983.504	-14.698
983.508	-15.945
983.512	-17.417
983.516	-18.27
983.52	-19.618
983.524	-20.794
983.528	-21.514
983.532	-22.563
983.536	-23.359
983.54	-23.76
983.544	-24.192
983.548	-24.348
983.552	-24.3
983.556	-23.936
983.56	-23.414
983.564	-22.894
983.568	-21.85
983.572	-20.894
983.576	-20.226
983.58	-19.049
983.584	-18.033
983.588	-17.345
983.592	-16.247
983.596	-15.404
983.6	-14.753
983.604	-13.881
983.608	-13.085
983.612	-12.753
983.616	-12.305
983.62	-12.004
983.624	-11.797
983.628	-11.665
983.632	-11.636
983.636	-11.743
983.64	-12.016
983.644	-12.346
983.648	-12.925
983.652	-13.648
983.656	-14.247
983.66	-15.264
983.664	-16.368
983.668	-17.331
983.672	-18.73
983.676	-19.951
983.68	-20.947
983.684	-22.414
983.688	-23.632
983.692	-24.421
983.696	-25.411
983.7	-26.191
983.704	-26.583
983.708	-27.017
983.712	-27.076
983.716	-26.974
983.72	-26.56
983.724	-26.005
983.728	-25.468
983.732	-24.429
983.736	-23.384
983.74	-22.582
983.744	-21.337
983.748	-20.39
983.752	-19.702
983.756	-18.611
983.76	-17.706
983.764	-16.886
983.768	-16.142
983.772	-15.646
983.776	-14.97
983.78	-14.413
983.784	-14.115
983.788	-13.784
983.792	-13.589
983.796	-13.485
983.8	-13.522
983.804	-13.664
983.808	-13.85
983.812	-14.273
983.816	-14.883
983.82	-15.324
983.824	-16.279
983.828	-17.338
983.832	-18.191
983.836	-19.42
983.84	-20.579
983.844	-21.592
983.848	-23.07
983.852	-24.444
983.856	-25.347
983.86	-26.583
983.864	-27.559
983.868	-28.113
983.872	-28.733
983.876	-29.16
983.88	-29.308
983.884	-29.333
983.888	-29.117
983.892	-28.6
983.896	-27.93
983.9	-27.275
983.904	-26.148
983.908	-25.114
983.912	-24.366
983.916	-23.157
983.92	-22.146
983.924	-21.502
983.928	-20.581
983.932	-19.84
983.936	-19.293
983.94	-18.583
983.944	-18.025
983.948	-17.673
983.952	-17.225
983.956	-16.933
983.96	-16.817
983.964	-16.697
983.968	-16.686
983.972	-16.833
983.976	-17.095
983.98	-17.457
983.984	-17.782
983.988	-18.512
983.992	-19.232
983.996	-19.937
984	-21.138
984.004	-22.282
984.008	-23.476
984.012	-24.702
984.016	-25.601
984.02	-27.053
984.024	-28.334
984.028	-29.047
984.032	-29.893
984.036	-30.69
984.04	-31.053
984.044	-31.44
984.048	-31.544
984.052	-31.447
984.056	-31.082
984.06	-30.527
984.064	-29.963
984.068	-28.955
984.072	-27.958
984.076	-27.175
984.08	-25.858
984.084	-24.868
984.088	-24.124
984.092	-22.955
984.096	-21.952
984.1	-21.46
984.104	-20.617
984.108	-19.948
984.112	-19.526
984.116	-18.914
984.12	-18.513
984.124	-18.248
984.128	-17.946
984.132	-17.752
984.136	-17.813
984.14	-17.894
984.144	-18.039
984.148	-18.411
984.152	-18.85
984.156	-19.24
984.16	-20.069
984.164	-20.965
984.168	-21.585
984.172	-22.881
984.176	-24.045
984.18	-24.928
984.184	-26.42
984.188	-27.845
984.192	-28.625
984.196	-29.775
984.2	-30.818
984.204	-31.4
984.208	-32.084
984.212	-32.537
984.216	-32.675
984.22	-32.62
984.224	-32.376
984.228	-31.994
984.232	-31.16
984.236	-30.261
984.24	-29.545
984.244	-28.305
984.248	-27.221
984.252	-26.431
984.256	-25.267
984.26	-24.305
984.264	-23.336
984.268	-22.402
984.272	-21.964
984.276	-21.318
984.28	-20.757
984.284	-20.328
984.288	-19.863
984.292	-19.503
984.296	-19.362
984.3	-19.211
984.304	-19.214
984.308	-19.299
984.312	-19.531
984.316	-19.913
984.32	-20.22
984.324	-20.96
984.328	-21.766
984.332	-22.388
984.336	-23.525
984.34	-24.748
984.344	-25.634
984.348	-27.075
984.352	-28.433
984.356	-29.216
984.36	-30.533
984.364	-31.645
984.368	-32.257
984.372	-33.189
984.376	-33.75
984.38	-33.991
984.384	-34.18
984.388	-34.066
984.392	-33.671
984.396	-33.044
984.4	-32.485
984.404	-31.369
984.408	-30.3
984.412	-29.523
984.416	-28.243
984.42	-27.242
984.424	-26.514
984.428	-25.423
984.432	-24.566
984.436	-23.997
984.44	-23.183
984.444	-22.567
984.448	-22.226
984.452	-21.732
984.456	-21.365
984.46	-21.218
984.464	-21.02
984.468	-21.016
984.472	-21.019
984.476	-21.26
984.48	-21.583
984.484	-21.849
984.488	-22.481
984.492	-23.113
984.496	-23.711
984.5	-24.722
984.504	-25.75
984.508	-27.028
984.512	-28.323
984.516	-29.175
984.52	-30.413
984.524	-31.591
984.528	-32.382
984.532	-33.496
984.536	-34.304
984.54	-34.786
984.544	-35.28
984.548	-35.529
984.552	-35.464
984.556	-35.144
984.56	-34.669
984.564	-34.188
984.568	-33.265
984.572	-32.264
984.576	-31.47
984.58	-30.185
984.584	-29.106
984.588	-28.282
984.592	-27.162
984.596	-26.26
984.6	-25.648
984.604	-24.707
984.608	-24.044
984.612	-23.623
984.616	-22.958
984.62	-22.571
984.624	-22.381
984.628	-22.142
984.632	-22.005
984.636	-22.029
984.64	-22.1
984.644	-22.261
984.648	-22.645
984.652	-23.105
984.656	-23.439
984.66	-24.268
984.664	-25.127
984.668	-25.799
984.672	-27.079
984.676	-28.305
984.68	-29.127
984.684	-30.438
984.688	-31.631
984.692	-32.446
984.696	-33.593
984.7	-34.541
984.704	-35.103
984.708	-35.778
984.712	-36.172
984.716	-36.285
984.72	-36.21
984.724	-35.912
984.728	-35.583
984.732	-34.676
984.736	-33.773
984.74	-33.006
984.744	-31.702
984.748	-30.589
984.752	-29.813
984.756	-28.583
984.76	-27.538
984.764	-26.628
984.768	-25.869
984.772	-25.274
984.776	-24.54
984.78	-24.007
984.784	-23.696
984.788	-23.265
984.792	-22.95
984.796	-22.867
984.8	-22.786
984.804	-22.798
984.808	-22.894
984.812	-23.16
984.816	-23.514
984.82	-23.832
984.824	-24.457
984.828	-25.224
984.832	-25.772
984.836	-26.941
984.84	-28.078
984.844	-28.868
984.848	-30.101
984.852	-31.36
984.856	-32.204
984.86	-33.49
984.864	-34.593
984.868	-35.22
984.872	-36.134
984.876	-36.735
984.88	-37.003
984.884	-37.195
984.888	-37.144
984.892	-36.768
984.896	-36.286
984.9	-35.76
984.904	-34.724
984.908	-33.686
984.912	-32.795
984.916	-31.45
984.92	-30.387
984.924	-29.659
984.928	-28.539
984.932	-27.622
984.936	-27.045
984.94	-26.272
984.944	-25.662
984.948	-25.273
984.952	-24.809
984.956	-24.501
984.96	-24.327
984.964	-24.148
984.968	-24.13
984.972	-24.125
984.976	-24.322
984.98	-24.576
984.984	-24.828
984.988	-25.343
984.992	-25.958
984.996	-26.415
985	-27.326
985.004	-28.285
985.008	-29.338
985.012	-30.507
985.016	-31.244
985.02	-32.583
985.024	-33.786
985.028	-34.526
985.032	-35.705
985.036	-36.621
985.04	-37.169
985.044	-37.831
985.048	-38.2
985.052	-38.298
985.056	-38.232
985.06	-37.917
985.064	-37.529
985.068	-36.749
985.072	-35.861
985.076	-35.171
985.08	-33.82
985.084	-32.688
985.088	-31.899
985.092	-30.639
985.096	-29.693
985.1	-29
985.104	-28.076
985.108	-27.422
985.112	-27.005
985.116	-26.415
985.12	-26.008
985.124	-25.785
985.128	-25.475
985.132	-25.343
985.136	-25.286
985.14	-25.31
985.144	-25.459
985.148	-25.732
985.152	-26.039
985.156	-26.381
985.16	-26.973
985.164	-27.665
985.168	-28.174
985.172	-29.122
985.176	-30.087
985.18	-30.836
985.184	-32.112
985.188	-33.318
985.192	-34.162
985.196	-35.445
985.2	-36.488
985.204	-37.215
985.208	-38.096
985.212	-38.724
985.216	-39.036
985.22	-39.279
985.224	-39.322
985.228	-39.191
985.232	-38.718
985.236	-38.095
985.24	-37.519
985.244	-36.493
985.248	-35.511
985.252	-34.667
985.256	-33.35
985.26	-32.269
985.264	-31.208
985.268	-30.283
985.272	-29.635
985.276	-28.761
985.28	-28.093
985.284	-27.736
985.288	-27.211
985.292	-26.839
985.296	-26.661
985.3	-26.468
985.304	-26.404
985.308	-26.397
985.312	-26.5
985.316	-26.688
985.32	-26.916
985.324	-27.344
985.328	-27.795
985.332	-28.259
985.336	-29.044
985.34	-29.903
985.344	-30.526
985.348	-31.631
985.352	-32.741
985.356	-33.476
985.36	-34.715
985.364	-35.886
985.368	-36.664
985.372	-37.779
985.376	-38.702
985.38	-39.217
985.384	-39.78
985.388	-40.074
985.392	-40.163
985.396	-40.065
985.4	-39.809
985.404	-39.178
985.408	-38.41
985.412	-37.72
985.416	-36.541
985.42	-35.492
985.424	-34.638
985.428	-33.334
985.432	-32.268
985.436	-31.554
985.44	-30.517
985.444	-29.705
985.448	-29.258
985.452	-28.541
985.456	-28.063
985.46	-27.752
985.464	-27.452
985.468	-27.251
985.472	-27.148
985.476	-27.181
985.48	-27.312
985.484	-27.429
985.488	-27.748
985.492	-28.166
985.496	-28.491
985.5	-29.182
985.504	-29.882
985.508	-30.707
985.512	-31.643
985.516	-32.382
985.52	-33.667
985.524	-34.816
985.528	-35.602
985.532	-36.826
985.536	-37.874
985.54	-38.514
985.544	-39.448
985.548	-40.143
985.552	-40.551
985.556	-40.844
985.56	-40.936
985.564	-40.823
985.568	-40.45
985.572	-39.911
985.576	-39.341
985.58	-38.219
985.584	-37.129
985.588	-36.328
985.592	-35.05
985.596	-33.947
985.6	-33.212
985.604	-32.057
985.608	-31.187
985.612	-30.617
985.616	-29.875
985.62	-29.33
985.624	-29.002
985.628	-28.606
985.632	-28.337
985.636	-28.18
985.64	-28.134
985.644	-28.159
985.648	-28.293
985.652	-28.546
985.656	-28.786
985.66	-29.263
985.664	-29.787
985.668	-30.206
985.672	-31.005
985.676	-31.88
985.68	-32.455
985.684	-33.635
985.688	-34.819
985.692	-35.587
985.696	-36.806
985.7	-37.906
985.704	-38.642
985.708	-39.695
985.712	-40.507
985.716	-40.939
985.72	-41.463
985.724	-41.722
985.728	-41.769
985.732	-41.577
985.736	-41.227
985.74	-40.881
985.744	-40.053
985.748	-39.224
985.752	-38.51
985.756	-37.257
985.76	-36.147
985.764	-34.967
985.768	-33.916
985.772	-33.241
985.776	-32.231
985.78	-31.453
985.784	-31
985.788	-30.308
985.792	-29.85
985.796	-29.586
985.8	-29.29
985.804	-29.16
985.808	-29.099
985.812	-29.14
985.816	-29.274
985.82	-29.42
985.824	-29.777
985.828	-30.201
985.832	-30.524
985.836	-31.224
985.84	-31.965
985.844	-32.566
985.848	-33.598
985.852	-34.561
985.856	-35.278
985.86	-36.501
985.864	-37.613
985.868	-38.41
985.872	-39.547
985.876	-40.471
985.88	-41.208
985.884	-41.769
985.888	-42.069
985.892	-42.349
985.896	-42.378
985.9	-42.256
985.904	-41.904
985.908	-41.378
985.912	-40.84
985.916	-39.861
985.92	-38.84
985.924	-38.067
985.928	-36.791
985.932	-35.75
985.936	-34.974
985.94	-33.892
985.944	-33.014
985.948	-32.394
985.952	-31.533
985.956	-30.98
985.96	-30.61
985.964	-30.182
985.968	-29.914
985.972	-29.739
985.976	-29.645
985.98	-29.643
985.984	-29.737
985.988	-29.948
985.992	-30.251
985.996	-30.561
986	-31.114
986.004	-31.688
986.008	-32.395
986.012	-33.202
986.016	-33.824
986.02	-34.903
986.024	-35.929
986.028	-36.704
986.032	-37.938
986.036	-39.023
986.04	-39.763
986.044	-40.738
986.048	-41.533
986.052	-41.963
986.056	-42.481
986.06	-42.75
986.064	-42.859
986.068	-42.788
986.072	-42.545
986.076	-42.24
986.08	-41.513
986.084	-40.759
986.088	-40.091
986.092	-38.847
986.096	-37.735
986.1	-36.602
986.104	-35.517
986.108	-34.794
986.112	-33.766
986.116	-32.915
986.12	-32.442
986.124	-31.651
986.128	-31.128
986.132	-30.869
986.136	-30.503
986.14	-30.306
986.144	-30.232
986.148	-30.253
986.152	-30.335
986.156	-30.48
986.16	-30.822
986.164	-31.2
986.168	-31.59
986.172	-32.192
986.176	-32.9
986.18	-33.462
986.184	-34.437
986.188	-35.424
986.192	-36.401
986.196	-37.454
986.2	-38.286
986.204	-39.478
986.208	-40.415
986.212	-41.041
986.216	-41.898
986.22	-42.553
986.224	-42.875
986.228	-43.192
986.232	-43.334
986.236	-43.25
986.24	-42.966
986.244	-42.522
986.248	-42.087
986.252	-41.217
986.256	-40.338
986.26	-39.602
986.264	-38.339
986.268	-37.21
986.272	-36.447
986.276	-35.298
986.28	-34.324
986.284	-33.47
986.288	-32.759
986.292	-32.293
986.296	-31.713
986.3	-31.319
986.304	-31.103
986.308	-30.841
986.312	-30.762
986.316	-30.747
986.32	-30.856
986.324	-31.068
986.328	-31.294
986.332	-31.718
986.336	-32.201
986.34	-32.604
986.344	-33.376
986.348	-34.089
986.352	-34.723
986.356	-35.775
986.36	-36.779
986.364	-37.429
986.368	-38.568
986.372	-39.63
986.376	-40.53
986.38	-41.434
986.384	-42.004
986.388	-42.747
986.392	-43.26
986.396	-43.511
986.4	-43.701
986.404	-43.767
986.408	-43.638
986.412	-43.268
986.416	-42.715
986.42	-42.246
986.424	-41.303
986.428	-40.41
986.432	-39.643
986.436	-38.383
986.44	-37.348
986.444	-36.605
986.448	-35.482
986.452	-34.58
986.456	-34.057
986.46	-33.236
986.464	-32.634
986.468	-32.182
986.472	-31.827
986.476	-31.636
986.48	-31.433
986.484	-31.347
986.488	-31.415
986.492	-31.538
986.496	-31.773
986.5	-32.008
986.504	-32.463
986.508	-32.911
986.512	-33.346
986.516	-34.11
986.52	-34.878
986.524	-35.507
986.528	-36.597
986.532	-37.603
986.536	-38.318
986.54	-39.44
986.544	-40.445
986.548	-41.314
986.552	-42.112
986.556	-42.647
986.56	-43.349
986.564	-43.863
986.568	-44.058
986.572	-44.217
986.576	-44.214
986.58	-44.086
986.584	-43.685
986.588	-43.142
986.592	-42.664
986.596	-41.658
986.6	-40.75
986.604	-39.967
986.608	-38.738
986.612	-37.692
986.616	-36.974
986.62	-35.848
986.624	-34.972
986.628	-34.448
986.632	-33.689
986.636	-33.184
986.64	-32.727
986.644	-32.429
986.648	-32.269
986.652	-32.138
986.656	-32.142
986.66	-32.216
986.664	-32.43
986.668	-32.754
986.672	-33.011
986.676	-33.547
986.68	-34.093
986.684	-34.552
986.688	-35.426
986.692	-36.276
986.696	-36.941
986.7	-38.079
986.704	-39.067
986.708	-39.746
986.712	-40.833
986.716	-41.799
986.72	-42.39
986.724	-43.256
986.728	-43.9
986.732	-44.331
986.736	-44.656
986.74	-44.74
986.744	-44.719
986.748	-44.519
986.752	-44.286
986.756	-43.65
986.76	-42.946
986.764	-42.33
986.768	-41.259
986.772	-40.264
986.776	-39.492
986.78	-38.209
986.784	-37.216
986.788	-36.54
986.792	-35.585
986.796	-34.878
986.8	-34.424
986.804	-33.805
986.808	-33.372
986.812	-33.131
986.816	-32.917
986.82	-32.836
986.824	-32.844
986.828	-32.947
986.832	-33.105
986.836	-33.466
986.84	-33.897
986.844	-34.256
986.848	-34.955
986.852	-35.632
986.856	-36.194
986.86	-37.142
986.864	-38.012
986.868	-38.691
986.872	-39.815
986.876	-40.817
986.88	-41.469
986.884	-42.457
986.888	-43.251
986.892	-43.729
986.896	-44.386
986.9	-44.877
986.904	-45.058
986.908	-45.221
986.912	-45.203
986.916	-45.046
986.92	-44.703
986.924	-44.334
986.928	-43.57
986.932	-42.772
986.936	-42.095
986.94	-40.945
986.944	-39.977
986.948	-39.229
986.952	-38.082
986.956	-37.162
986.96	-36.557
986.964	-35.693
986.968	-35.069
986.972	-34.714
986.976	-34.217
986.98	-33.904
986.984	-33.751
986.988	-33.629
986.992	-33.625
986.996	-33.687
987	-33.901
987.004	-34.178
987.008	-34.56
987.012	-35.08
987.016	-35.468
987.02	-36.237
987.024	-36.981
987.028	-37.573
987.032	-38.58
987.036	-39.497
987.04	-40.173
987.044	-41.231
987.048	-42.135
987.052	-42.753
987.056	-43.646
987.06	-44.352
987.064	-44.724
987.068	-45.267
987.072	-45.558
987.076	-45.661
987.08	-45.665
987.084	-45.523
987.088	-45.357
987.092	-44.886
987.096	-44.298
987.1	-43.514
987.104	-42.617
987.108	-41.942
987.112	-40.793
987.116	-39.869
987.12	-39.155
987.124	-38.108
987.128	-37.24
987.132	-36.676
987.136	-35.903
987.14	-35.338
987.144	-35.013
987.148	-34.627
987.152	-34.407
987.156	-34.316
987.16	-34.281
987.164	-34.356
987.168	-34.488
987.172	-34.807
987.176	-35.168
987.18	-35.498
987.184	-36.128
987.188	-36.746
987.192	-37.444
987.196	-38.22
987.2	-38.845
987.204	-39.862
987.208	-40.815
987.212	-41.482
987.216	-42.514
987.22	-43.368
987.224	-43.857
987.228	-44.616
987.232	-45.21
987.236	-45.486
987.24	-45.837
987.244	-45.977
987.248	-46.026
987.252	-45.927
987.256	-45.728
987.26	-45.399
987.264	-44.818
987.268	-44.171
987.272	-43.584
987.276	-42.545
987.28	-41.582
987.284	-40.578
987.288	-39.651
987.292	-38.991
987.296	-38.014
987.3	-37.285
987.304	-36.806
987.308	-36.117
987.312	-35.633
987.316	-35.341
987.32	-35.043
987.324	-34.871
987.328	-34.832
987.332	-34.885
987.336	-35.034
987.34	-35.204
987.344	-35.614
987.348	-36.029
987.352	-36.427
987.356	-37.109
987.36	-37.805
987.364	-38.334
987.368	-39.257
987.372	-40.16
987.376	-40.998
987.38	-41.898
987.384	-42.502
987.388	-43.469
987.392	-44.259
987.396	-44.736
987.4	-45.319
987.404	-45.753
987.408	-46.02
987.412	-46.268
987.416	-46.358
987.42	-46.34
987.424	-46.116
987.428	-45.836
987.432	-45.495
987.436	-44.851
987.44	-44.134
987.444	-43.539
987.448	-42.468
987.452	-41.48
987.456	-40.807
987.46	-39.726
987.464	-38.875
987.468	-38.08
987.472	-37.406
987.476	-36.953
987.48	-36.385
987.484	-36.014
987.488	-35.804
987.492	-35.575
987.496	-35.469
987.5	-35.466
987.504	-35.559
987.508	-35.754
987.512	-35.962
987.516	-36.391
987.52	-36.833
987.524	-37.217
987.528	-37.933
987.532	-38.647
987.536	-39.191
987.54	-40.111
987.544	-40.977
987.548	-41.804
987.552	-42.662
987.556	-43.258
987.56	-44.118
987.564	-44.821
987.568	-45.2
987.572	-45.794
987.576	-46.206
987.58	-46.404
987.584	-46.629
987.588	-46.661
987.592	-46.58
987.596	-46.395
987.6	-46.12
987.604	-45.797
987.608	-45.123
987.612	-44.449
987.616	-43.895
987.62	-42.873
987.624	-41.979
987.628	-41.294
987.632	-40.26
987.636	-39.399
987.64	-38.64
987.644	-37.956
987.648	-37.542
987.652	-36.967
987.656	-36.555
987.66	-36.362
987.664	-36.133
987.668	-36.027
987.672	-36.023
987.676	-36.109
987.68	-36.292
987.684	-36.476
987.688	-36.879
987.692	-37.318
987.696	-37.693
987.7	-38.402
987.704	-39.117
987.708	-39.612
987.712	-40.509
987.716	-41.381
987.72	-41.95
987.724	-42.854
987.728	-43.649
987.732	-44.358
987.736	-45.037
987.74	-45.478
987.744	-46.066
987.748	-46.527
987.752	-46.701
987.756	-46.88
987.76	-46.955
987.764	-46.939
987.768	-46.755
987.772	-46.489
987.776	-46.162
987.78	-45.54
987.784	-44.911
987.788	-44.348
987.792	-43.356
987.796	-42.412
987.8	-41.829
987.804	-40.867
987.808	-40.047
987.812	-39.535
987.816	-38.713
987.82	-38.105
987.824	-37.583
987.828	-37.161
987.832	-36.949
987.836	-36.692
987.84	-36.587
987.844	-36.557
987.848	-36.648
987.852	-36.823
987.856	-37.03
987.86	-37.439
987.864	-37.888
987.868	-38.297
987.872	-38.981
987.876	-39.674
987.88	-40.198
987.884	-41.105
987.888	-41.968
987.892	-42.557
987.896	-43.491
987.9	-44.288
987.904	-44.768
987.908	-45.499
987.912	-46.062
987.916	-46.495
987.92	-46.827
987.924	-47.034
987.928	-47.188
987.932	-47.183
987.936	-47.159
987.94	-46.885
987.944	-46.538
987.948	-46.16
987.952	-45.477
987.956	-44.748
987.96	-44.176
987.964	-43.128
987.968	-42.246
987.972	-41.581
987.976	-40.593
987.98	-39.816
987.984	-39.331
987.988	-38.641
987.992	-38.101
987.996	-37.774
988	-37.388
988.004	-37.164
988.008	-37.05
988.012	-37.044
988.016	-37.089
988.02	-37.286
988.024	-37.566
988.028	-37.845
988.032	-38.354
988.036	-38.883
988.04	-39.328
988.044	-40.112
988.048	-40.878
988.052	-41.454
988.056	-42.346
988.06	-43.192
988.064	-43.727
988.068	-44.587
988.072	-45.347
988.076	-45.919
988.08	-46.486
988.084	-46.75
988.088	-47.131
988.092	-47.342
988.096	-47.424
988.1	-47.43
988.104	-47.325
988.108	-47.143
988.112	-46.705
988.116	-46.225
988.12	-45.754
988.124	-44.95
988.128	-44.233
