1497.631	-51.017
1497.831	-50.977
1498.031	-50.955
1498.231	-50.925
1498.431	-50.903
1498.631	-50.883
1498.831	-50.85
1499.031	-50.81
1499.231	-50.792
1499.431	-50.776
1499.631	-50.75
1499.831	-50.74
1500.031	-50.679
1500.231	-50.683
1500.431	-50.651
1500.631	-50.577
1500.831	-50.59
1501.031	-50.541
1501.231	-50.513
1501.431	-50.468
1501.631	-50.423
1501.831	-50.424
1502.031	-50.37
1502.231	-50.339
1502.431	-50.32
1502.631	-50.271
1502.831	-50.234
1503.031	-50.189
1503.231	-50.14
1503.431	-50.12
1503.631	-50.059
1503.831	-50.005
1504.031	-50.015
1504.231	-49.982
1504.431	-49.951
1504.631	-49.924
1504.831	-49.877
1505.031	-49.811
1505.231	-49.807
1505.431	-49.758
1505.631	-49.728
1505.831	-49.682
1506.031	-49.651
1506.231	-49.629
1506.431	-49.582
1506.631	-49.53
1506.831	-49.492
1507.031	-49.451
1507.231	-49.409
1507.431	-49.401
1507.631	-49.327
1507.831	-49.295
1508.031	-49.261
1508.231	-49.217
1508.431	-49.184
1508.631	-49.152
1508.831	-49.117
1509.031	-49.055
1509.231	-49.031
1509.431	-48.979
1509.631	-48.939
1509.831	-48.909
1510.031	-48.847
1510.231	-48.804
1510.431	-48.787
1510.631	-48.741
1510.831	-48.701
1511.031	-48.643
1511.231	-48.622
1511.431	-48.571
1511.631	-48.548
1511.831	-48.475
1512.031	-48.472
1512.231	-48.416
1512.431	-48.377
1512.631	-48.335
1512.831	-48.285
1513.031	-48.24
1513.231	-48.194
1513.431	-48.154
1513.631	-48.101
1513.831	-48.064
1514.031	-48.013
1514.231	-47.952
1514.431	-47.919
1514.631	-47.863
1514.831	-47.803
1515.031	-47.77
1515.231	-47.722
1515.431	-47.669
1515.631	-47.597
1515.831	-47.548
1516.031	-47.491
1516.231	-47.449
1516.431	-47.396
1516.631	-47.336
1516.831	-47.291
1517.031	-47.231
1517.231	-47.174
1517.431	-47.129
1517.631	-47.073
1517.831	-46.998
1518.031	-46.941
1518.231	-46.897
1518.431	-46.842
1518.631	-46.786
1518.831	-46.718
1519.031	-46.65
1519.231	-46.595
1519.431	-46.53
1519.631	-46.492
1519.831	-46.427
1520.031	-46.366
1520.231	-46.288
1520.431	-46.234
1520.631	-46.187
1520.831	-46.112
1521.031	-46.051
1521.231	-45.98
1521.431	-45.912
1521.631	-45.849
1521.831	-45.789
1522.031	-45.729
1522.231	-45.657
1522.431	-45.574
1522.631	-45.516
1522.831	-45.451
1523.031	-45.388
1523.231	-45.313
1523.431	-45.228
1523.631	-45.148
1523.831	-45.078
1524.031	-45.01
1524.231	-44.937
1524.431	-44.843
1524.631	-44.745
1524.831	-44.646
1525.031	-44.569
1525.231	-44.485
1525.431	-44.393
1525.631	-44.271
1525.831	-44.155
1526.031	-44.061
1526.231	-43.96
1526.431	-43.852
1526.631	-43.723
1526.831	-43.591
1527.031	-43.463
1527.231	-43.342
1527.431	-43.239
1527.631	-43.102
1527.831	-42.951
1528.031	-42.797
1528.231	-42.671
1528.431	-42.547
1528.631	-42.41
1528.831	-42.247
1529.031	-42.08
1529.231	-41.927
1529.431	-41.79
1529.631	-41.661
1529.831	-41.504
1530.031	-41.331
1530.231	-41.152
1530.431	-40.997
1530.631	-40.867
1530.831	-40.728
1531.031	-40.556
1531.231	-40.365
1531.431	-40.2
1531.631	-40.068
1531.831	-39.952
1532.031	-39.822
1532.231	-39.667
1532.431	-39.511
1532.631	-39.387
1532.831	-39.295
1533.031	-39.21
1533.231	-39.106
1533.431	-38.977
1533.631	-38.861
1533.831	-38.785
1534.031	-38.737
1534.231	-38.679
1534.431	-38.593
1534.631	-38.495
1534.831	-38.424
1535.031	-38.4
1535.231	-38.397
1535.431	-38.377
1535.631	-38.345
1535.831	-38.316
1536.031	-38.323
1536.231	-38.366
1536.431	-38.407
1536.631	-38.422
1536.831	-38.407
1537.031	-38.39
1537.231	-38.412
1537.431	-38.46
1537.631	-38.491
1537.831	-38.485
1538.031	-38.455
1538.231	-38.448
1538.431	-38.488
1538.631	-38.539
1538.831	-38.566
1539.031	-38.539
1539.231	-38.501
1539.431	-38.495
1539.631	-38.526
1539.831	-38.55
1540.031	-38.525
1540.231	-38.45
1540.431	-38.373
1540.631	-38.352
1540.831	-38.364
1541.031	-38.347
1541.231	-38.276
1541.431	-38.162
1541.631	-38.077
1541.831	-38.064
1542.031	-38.071
1542.231	-38.033
1542.431	-37.93
1542.631	-37.794
1542.831	-37.733
1543.031	-37.74
1543.231	-37.734
1543.431	-37.661
1543.631	-37.504
1543.831	-37.345
1544.031	-37.321
1544.231	-37.353
1544.431	-37.322
1544.631	-37.132
1544.831	-36.704
1545.031	-36.515
1545.231	-36.596
1545.431	-36.696
1545.631	-36.745
1545.831	-36.79
1546.031	-36.915
1546.231	-37.307
1546.431	-11.353
1546.631	1.15
1546.831	1.945
1547.031	1.949
1547.231	1.951
1547.431	1.954
1547.631	1.957
1547.831	1.954
1548.031	-3.91
1548.231	-35.946
1548.431	-35.904
1548.631	-35.751
1548.831	-35.555
1549.031	-35.553
1549.231	-35.725
1549.431	-35.74
1549.631	-35.659
1549.831	-35.52
1550.031	-35.385
1550.231	-35.37
1550.431	-35.419
1550.631	-35.402
1550.831	-35.316
1551.031	-35.179
1551.231	-35.061
1551.431	-35.035
1551.631	-35.04
1551.831	-35.007
1552.031	-34.931
1552.231	-34.835
1552.431	-34.772
1552.631	-34.77
1552.831	-34.767
1553.031	-34.718
1553.231	-34.628
1553.431	-34.532
1553.631	-34.481
1553.831	-34.484
1554.031	-34.486
1554.231	-34.464
1554.431	-34.42
1554.631	-34.383
1554.831	-34.391
1555.031	-34.422
1555.231	-34.435
1555.431	-34.414
1555.631	-34.367
1555.831	-34.328
1556.031	-34.325
1556.231	-34.333
1556.431	-34.329
1556.631	-34.298
1556.831	-34.253
1557.031	-34.231
1557.231	-34.244
1557.431	-34.267
1557.631	-34.278
1557.831	-34.269
1558.031	-34.262
1558.231	-34.282
1558.431	-34.334
1558.631	-34.39
1558.831	-34.428
1559.031	-34.448
1559.231	-34.473
1559.431	-34.531
1559.631	-34.616
1559.831	-34.696
1560.031	-34.758
1560.231	-34.812
1560.431	-34.873
1560.631	-34.96
1560.831	-35.055
1561.031	-35.146
1561.231	-35.224
1561.431	-35.296
1561.631	-35.382
1561.831	-35.483
1562.031	-35.584
1562.231	-35.668
1562.431	-35.736
1562.631	-35.793
1562.831	-35.85
1563.031	-35.92
1563.231	-35.999
1563.431	-36.076
1563.631	-36.141
1563.831	-36.2
1564.031	-36.271
1564.231	-36.353
1564.431	-36.433
1564.631	-36.501
1564.831	-36.556
1565.031	-36.604
1565.231	-36.662
1565.431	-36.737
1565.631	-36.816
1565.831	-36.885
1566.031	-36.951
1566.231	-37.018
1566.431	-37.1
1566.631	-37.198
1566.831	-37.298
1567.031	-37.388
1567.231	-37.467
1567.431	-37.547
1567.631	-37.637
1567.831	-37.745
1568.031	-37.854
1568.231	-37.951
1568.431	-38.038
1568.631	-38.131
1568.831	-38.232
1569.031	-38.344
1569.231	-38.454
1569.431	-38.561
1569.631	-38.658
1569.831	-38.761
1570.031	-38.883
1570.231	-39.013
1570.431	-39.144
1570.631	-39.257
1570.831	-39.363
1571.031	-39.467
1571.231	-39.576
1571.431	-39.689
1571.631	-39.787
1571.831	-39.873
1572.031	-39.944
1572.231	-39.998
1572.431	-40.063
1572.631	-40.125
1572.831	-40.193
1573.031	-40.258
1573.231	-40.325
1573.431	-40.386
1573.631	-40.46
1573.831	-40.543
1574.031	-40.638
1574.231	-40.728
1574.431	-40.817
1574.631	-40.916
1574.831	-41.031
1575.031	-41.143
1575.231	-41.253
1575.431	-41.356
1575.631	-41.454
1575.831	-41.54
1576.031	-41.621
1576.231	-41.704
1576.431	-41.775
1576.631	-41.835
1576.831	-41.885
1577.031	-41.929
1577.231	-41.976
1577.431	-42.03
1577.631	-42.081
1577.831	-42.146
1578.031	-42.202
1578.231	-42.262
1578.431	-42.333
1578.631	-42.403
1578.831	-42.472
1579.031	-42.543
1579.231	-42.614
1579.431	-42.691
1579.631	-42.772
1579.831	-42.856
1580.031	-42.936
1580.231	-43.013
1580.431	-43.089
1580.631	-43.165
1580.831	-43.256
1581.031	-43.333
1581.231	-43.412
1581.431	-43.489
1581.631	-43.546
1581.831	-43.601
1582.031	-43.657
1582.231	-43.715
1582.431	-43.769
1582.631	-43.837
1582.831	-43.892
1583.031	-43.959
1583.231	-44.022
1583.431	-44.081
1583.631	-44.13
1583.831	-44.187
1584.031	-44.227
1584.231	-44.276
1584.431	-44.325
1584.631	-44.365
1584.831	-44.419
1585.031	-44.476
1585.231	-44.534
1585.431	-44.585
1585.631	-44.623
1585.831	-44.667
1586.031	-44.707
1586.231	-44.742
1586.431	-44.772
1586.631	-44.81
1586.831	-44.852
1587.031	-44.895
1587.231	-44.949
1587.431	-45.01
1587.631	-45.057
1587.831	-45.102
1588.031	-45.159
1588.231	-45.22
1588.431	-45.257
1588.631	-45.298
1588.831	-45.339
1589.031	-45.383
1589.231	-45.428
1589.431	-45.48
1589.631	-45.527
1589.831	-45.578
1590.031	-45.629
1590.231	-45.677
1590.431	-45.72
1590.631	-45.777
1590.831	-45.847
1591.031	-45.894
1591.231	-45.952
1591.431	-45.997
1591.631	-46.031
1591.831	-46.06
1592.031	-46.085
1592.231	-46.139
1592.431	-46.176
1592.631	-46.231
1592.831	-46.262
1593.031	-46.325
1593.231	-46.375
1593.431	-46.425
1593.631	-46.474
1593.831	-46.509
1594.031	-46.559
1594.231	-46.609
1594.431	-46.655
1594.631	-46.694
1594.831	-46.77
1595.031	-46.818
1595.231	-46.872
1595.431	-46.906
1595.631	-46.954
1595.831	-47.025
1596.031	-47.052
1596.231	-47.091
1596.431	-47.128
1596.631	-47.189
1596.831	-47.241
1597.031	-47.32
1597.231	-47.398
1597.431	-47.449
1597.631	-47.5
